{
 "cells": [
  {
   "cell_type": "code",
   "execution_count": null,
   "metadata": {},
   "outputs": [],
   "source": [
    "# Perform various analyses on datasets and model outputs"
   ]
  },
  {
   "cell_type": "code",
   "execution_count": 11,
   "metadata": {},
   "outputs": [],
   "source": [
    "import pandas as pd\n",
    "from sklearn.feature_extraction.text import TfidfVectorizer, CountVectorizer\n",
    "from sklearn.decomposition import LatentDirichletAllocation\n",
    "from sklearn.metrics.pairwise import cosine_similarity\n",
    "from sklearn.metrics import precision_recall_fscore_support, accuracy_score\n",
    "from nltk.corpus import stopwords\n",
    "from nltk.tokenize import word_tokenize\n",
    "from nltk.stem import PorterStemmer\n",
    "import numpy as np\n",
    "from scipy.spatial import distance\n",
    "from scipy.special import softmax\n",
    "import matplotlib.pyplot as plt\n",
    "import csv\n",
    "# import multiprocessing as mp\n",
    "# pool = mp.Pool(mp.cpu_count())\n",
    "\n",
    "from utils import *\n",
    "\n",
    "pd.options.mode.chained_assignment = None\n",
    "\n",
    "# TF-IDF\n",
    "def fil_sent(sent):\n",
    "  \"\"\"\n",
    "  Filter stopwords\n",
    "  \"\"\"\n",
    "\n",
    "  filtered_sentence = ' '.join([w for w in sent.split() if not w in stop_words])\n",
    "  return filtered_sentence\n",
    "\n",
    "def process_tfidf(sent):\n",
    "  \"\"\"\n",
    "  Apply stemming\n",
    "  \"\"\"\n",
    "\n",
    "  sent = str(sent)\n",
    "  return fil_sent(' '.join([ps.stem(str(x).lower()) for x in word_tokenize(sent)]))\n",
    "\n",
    "stop_words = set(stopwords.words('english'))\n",
    "ps = PorterStemmer() \n",
    "vectorizer = TfidfVectorizer()"
   ]
  },
  {
   "cell_type": "code",
   "execution_count": 18,
   "metadata": {},
   "outputs": [
    {
     "name": "stdout",
     "output_type": "stream",
     "text": [
      "7296\n",
      "4265\n",
      "724\n",
      "452\n",
      "1855\n"
     ]
    }
   ],
   "source": [
    "file1 = '21a'\n",
    "file2 = '21b'\n",
    "\n",
    "num_authors = 50\n",
    "token_len = 256\n",
    "\n",
    "df1 = pd.read_csv(f'{file1}.csv')\n",
    "df2 = pd.read_csv(f'{file2}.csv')\n",
    "df1 = df1.rename(columns={'is_correct': 'is_correct_1'})\n",
    "df2 = df2.rename(columns={'is_correct': 'is_correct_2'})\n",
    "df1 = df1.rename(columns={'actual_pred': 'actual_pred_1'})\n",
    "df2 = df2.rename(columns={'actual_pred': 'actual_pred_2'})\n",
    "df1 = df1.drop(columns=['content'])\n",
    "df2 = df2.drop(columns=['author'])\n",
    "\n",
    "df1 = df1.set_index('index')\n",
    "df2 = df2.set_index('index')\n",
    "\n",
    "df = pd.concat([df1, df2], axis=1)\n",
    "\n",
    "print(len(df))\n",
    "print(len(df[(df['is_correct_1'] == 1) & (df['is_correct_2'] == 1)]))\n",
    "print(len(df[(df['is_correct_1'] == 0) & (df['is_correct_2'] == 1)]))\n",
    "print(len(df[(df['is_correct_1'] == 1) & (df['is_correct_2'] == 0)]))\n",
    "print(len(df[(df['is_correct_1'] == 0) & (df['is_correct_2'] == 0)]))"
   ]
  },
  {
   "cell_type": "code",
   "execution_count": 70,
   "metadata": {
    "scrolled": false
   },
   "outputs": [],
   "source": [
    "df.to_csv(f'{file1}_{file2}.csv')"
   ]
  },
  {
   "cell_type": "code",
   "execution_count": 19,
   "metadata": {},
   "outputs": [],
   "source": [
    "df = pd.read_csv(f'{file1}_{file2}.csv')"
   ]
  },
  {
   "cell_type": "code",
   "execution_count": 153,
   "metadata": {},
   "outputs": [],
   "source": [
    "df[[\"avg_len\", \"len_text\", \"len_words\", \"num_short_w\", \"per_digit\", \"per_cap\", \"f_a\", \"f_b\", \"f_c\", \"f_d\", \"f_e\", \"f_f\", \"f_g\", \"f_h\", \"f_i\", \"f_j\", \"f_k\", \"f_l\", \"f_m\", \"f_n\", \"f_o\", \"f_p\", \"f_q\", \"f_r\", \"f_s\", \"f_t\", \"f_u\", \"f_v\", \"f_w\", \"f_x\", \"f_y\", \"f_z\", \"f_0\", \"f_1\", \"f_2\", \"f_3\", \"f_4\", \"f_5\", \"f_6\", \"f_7\", \"f_8\", \"f_9\",  \"f_e_0\", \"f_e_1\", \"f_e_2\", \"f_e_3\", \"f_e_4\", \"f_e_5\", \"f_e_6\", \"f_e_7\", \"f_e_8\", \"f_e_9\", \"f_e_10\", \"f_e_11\", \"richness\"]] = df['content'].apply(lambda x: extract_style(x))"
   ]
  },
  {
   "cell_type": "code",
   "execution_count": 4,
   "metadata": {},
   "outputs": [],
   "source": [
    "def analyse_against_token_len(df):\n",
    "    df_shorter = df[df['length'] < token_len]\n",
    "    #print(f'Samples under token length: {len(df_shorter)} ({\"{:.2f}\".format(len(df_shorter) * 100 / len(df))}%)')\n",
    "    return len(df_shorter)\n",
    "    "
   ]
  },
  {
   "cell_type": "code",
   "execution_count": 5,
   "metadata": {},
   "outputs": [],
   "source": [
    "def analyse_tf_idf(df):\n",
    "    df['content_tfidf'] = df['content'].apply(lambda x: process(x))\n",
    "    x = vectorizer.fit_transform(df['content_tfidf'])\n",
    "    print(x)"
   ]
  },
  {
   "cell_type": "code",
   "execution_count": 62,
   "metadata": {},
   "outputs": [],
   "source": [
    "vectorizer = CountVectorizer()\n",
    "x = vectorizer.fit_transform(df['content'])\n",
    "lda = LatentDirichletAllocation(n_components=20, random_state=0, max_iter=500)\n",
    "topic_dist = lda.fit_transform(x)\n",
    "\n",
    "# bit scuffed- store prob. dist. as csv string\n",
    "topic_dist = list(map(lambda x: map(lambda y: str(y), x), topic_dist))\n",
    "topic_dist = list(map(lambda x: ','.join(x), topic_dist))\n",
    "df['topic_dist'] = topic_dist"
   ]
  },
  {
   "cell_type": "code",
   "execution_count": 4,
   "metadata": {
    "scrolled": true
   },
   "outputs": [
    {
     "name": "stdout",
     "output_type": "stream",
     "text": [
      "0       7.987220495210293e-05,7.987220455724644e-05,7....\n",
      "1       0.5874999992964991,0.004166666666707949,0.0041...\n",
      "2       0.0008333333638912788,0.0008333333333387802,0....\n",
      "3       0.002941176488801516,0.002941176470603999,0.00...\n",
      "4       0.009674855266294847,7.102272744846018e-05,7.1...\n",
      "                              ...                        \n",
      "7291    0.0016666667327107333,0.001666666666668327,0.0...\n",
      "7292    0.000806451627481693,0.0008064516129079517,0.0...\n",
      "7293    0.003333333370376489,0.0033333333340039638,0.0...\n",
      "7294    0.0018518518618104486,0.0018518518583331095,0....\n",
      "7295    0.1395267677912408,0.0018518518519173705,0.001...\n",
      "Name: topic_dist, Length: 7296, dtype: object\n"
     ]
    }
   ],
   "source": [
    "print(df['topic_dist'])\n",
    "def analyse_topic(df):\n",
    "#     vectorizer = CountVectorizer()\n",
    "#     x = vectorizer.fit_transform(df['content'])\n",
    "#     lda = LatentDirichletAllocation(n_components=10, random_state=0, max_iter=10)\n",
    "#     lda.fit(x)\n",
    "    x = vectorizer.fit_transform(df['content'])\n",
    "    dist = np.array(lda.transform(x))\n",
    "    #print(dist)\n",
    "    \n",
    "    # take mean of distribution of each sample\n",
    "    return np.mean(dist, axis=0)\n",
    "\n",
    "def analyse_author_topic(df, author):\n",
    "    return analyse_topic(df[(df['author'] == author)])\n",
    "\n",
    "def analyse_split_topic(df):\n",
    "    dist = analyse_topic(df)\n",
    "    print(f'Variance of topic distribution: {\"{:.4f}\".format(np.var(dist))}')"
   ]
  },
  {
   "cell_type": "code",
   "execution_count": 5,
   "metadata": {
    "scrolled": true
   },
   "outputs": [
    {
     "name": "stdout",
     "output_type": "stream",
     "text": [
      "[0.0, 0.19442557700096696, 0.17573309245352184, 0.17995627534252792, 0.16600553031632703, 0.13491335236547536, 0.288830976289208, 0.10057417662559472, 0.25849417139331526, 0.2160714512786502, 0.23466282081436984, 0.18129110458030484, 0.20109009630981134, 0.1520547555405233, 0.21693640128846262, 0.2013209216811518, 0.20303736156325516, 0.23536074536763518, 0.20540813235640443, 0.1963110219069031, 0.15955551665538836, 0.2352595295053577, 0.41817650557303854, 0.1946698776383773, 0.20749613637000286, 0.26691283885673117, 0.2649169908100779, 0.2592523645718112, 0.2896161864959799, 0.2896503210958491, 0.2589631252663395, 0.29545105321087106, 0.26568720452300937, 0.20869512150527325, 0.20863310867201687, 0.1576009244819482, 0.22228328718590612, 0.17559836989789437, 0.2399436436349539, 0.26349043373501224, 0.1725710203923748, 0.2746888290703051, 0.2570232832642415, 0.19863917858223165, 0.2608869755956166, 0.2719336633893559, 0.23698813090368576, 0.2490835750385786, 0.23915844959121524, 0.201663722051731]\n",
      "[0.19442557700096696, 0.0, 0.10342386176777688, 0.10382754990466386, 0.18266397920969746, 0.20764702009014918, 0.2486600378584442, 0.14291800440020472, 0.3030697887335359, 0.1777071362962, 0.25162735038309103, 0.12288186500738829, 0.19572457927395356, 0.2866996978244918, 0.28384325246954134, 0.09516776469349213, 0.2301259542186871, 0.2713300257318463, 0.17663939529197256, 0.1809228195743476, 0.1752588889846284, 0.20626382397502044, 0.4293705259707338, 0.13910557244884417, 0.14627308433143796, 0.22185564834243804, 0.21992513758736562, 0.2089448210823939, 0.24458152854972126, 0.22007937007609982, 0.21778662160695278, 0.2439219271096589, 0.20871459997014083, 0.16125690293273248, 0.23731826588349264, 0.15744745198002882, 0.24841186981470142, 0.1814558927105724, 0.23944984176996512, 0.24218124994548346, 0.1724919808077414, 0.20343581999424104, 0.3560335277528769, 0.2029388562957237, 0.24472919591899922, 0.2220759269111881, 0.17448014984761395, 0.18636443162785168, 0.17766414262925093, 0.1328435291073831]\n",
      "[0.17573309245352184, 0.10342386176777688, 0.0, 0.10233858440432235, 0.1594333808377314, 0.19810279941000392, 0.19946151896883962, 0.12725233657196197, 0.25556910338969163, 0.18154047089551978, 0.20628565757299053, 0.07974022217121528, 0.1445993331299968, 0.27161080370611745, 0.2460179225910862, 0.10827732208578686, 0.1821412479175989, 0.2497588185408913, 0.1691346587180991, 0.16218622920822914, 0.16502416164399233, 0.20959591009830386, 0.4077436399098346, 0.1474865516673172, 0.1338151711935571, 0.22984372578405401, 0.21721728298945203, 0.21690393265498875, 0.20504542919789412, 0.21798271728556506, 0.2223052968503895, 0.2515884067846121, 0.212391118039282, 0.14696359621852298, 0.19438181385896008, 0.11146310328304346, 0.23966875453461337, 0.15739668206223822, 0.24769704115420052, 0.256486136905422, 0.16445707901700543, 0.20529030005245064, 0.3235844948785379, 0.1699943756884086, 0.1935733846489754, 0.20618800884558963, 0.1637700295545658, 0.18966361583951427, 0.16951209470730766, 0.12660751837185502]\n",
      "[0.17995627534252792, 0.10382754990466386, 0.10233858440432235, 0.0, 0.14756555849231184, 0.19593428841726782, 0.22506008472994835, 0.15147805558943206, 0.279378699267389, 0.17303640062286313, 0.22864460433810524, 0.12691243221420284, 0.1707994953998126, 0.28238959835082184, 0.26947510314362566, 0.11788120928944934, 0.20032628900393676, 0.2444032259950938, 0.16146190418018638, 0.15799286975754742, 0.17247852999845542, 0.2073616672245286, 0.42580644651676874, 0.1292777822055807, 0.15243612910063645, 0.21438106731884585, 0.20626532036881506, 0.19501475119760858, 0.24194185104196297, 0.2051406751330981, 0.2029336896891346, 0.23565671443604205, 0.20716057322386147, 0.1349435932069601, 0.21882848455350443, 0.14175399376252357, 0.2299233520308058, 0.16190149181830818, 0.24426198704758567, 0.24178353857151097, 0.16075997079740212, 0.1949253772475301, 0.3323681437780561, 0.1718087314801136, 0.21918050733688582, 0.1917182719659457, 0.16201323414402943, 0.17049322878271375, 0.15349007737041057, 0.12717305576553153]\n",
      "[0.16600553031632703, 0.18266397920969746, 0.1594333808377314, 0.14756555849231184, 0.0, 0.14760219319148096, 0.27353731397125236, 0.16917900578378195, 0.26041316661986247, 0.19473982092884873, 0.2426015233453422, 0.13822149202401068, 0.1895857101959308, 0.23132505764453198, 0.2521912015623542, 0.18893193289933677, 0.1988209561377132, 0.16320525086429677, 0.17036183018375156, 0.10119504370618959, 0.12997188938229748, 0.15260812334308416, 0.44214741715294453, 0.15721343283643816, 0.2040514233855546, 0.1832401125760718, 0.1756577279538751, 0.19194819381095782, 0.24070005010040743, 0.1971545945876389, 0.18636691448089684, 0.2006926991267358, 0.18163308513457121, 0.13743041260899155, 0.16926878921083766, 0.13665417869383467, 0.13836856934248137, 0.1264703996556367, 0.20189369205686872, 0.19562650834883258, 0.1388249396385445, 0.17621322476767723, 0.3003263742861273, 0.1806343158692031, 0.2581334528237155, 0.21137369426952551, 0.1840423446296957, 0.17309856722168912, 0.1840903052251561, 0.15639480416294121]\n",
      "[0.13491335236547536, 0.20764702009014918, 0.19810279941000392, 0.19593428841726782, 0.14760219319148096, 0.0, 0.3011159941335238, 0.15533420221008334, 0.24113421959967923, 0.21983473176509366, 0.22974568351750133, 0.19930753955566083, 0.20421167937015322, 0.16084972352561125, 0.2159586140101488, 0.23355529843888845, 0.19609991198910337, 0.17483104505741504, 0.2025957645990974, 0.14226246439675305, 0.15066427167588733, 0.19826900028866348, 0.40240376193231525, 0.20073198954041513, 0.2184903386797622, 0.23072007944051054, 0.2253377343998204, 0.23389360939460765, 0.28892950288602764, 0.25995607791797687, 0.24502565593882392, 0.2611922754251456, 0.24371828482900876, 0.17920777667118948, 0.17506422252873308, 0.17121868902339724, 0.18256961360555937, 0.14566092828612162, 0.22110393826005523, 0.23946300581449423, 0.17601766010973255, 0.250567444138203, 0.2645577323205331, 0.17456933715783085, 0.28676715289370924, 0.2574854108132264, 0.21948421172097599, 0.20969587484249338, 0.2190938379762936, 0.19265504023080765]\n",
      "[0.288830976289208, 0.2486600378584442, 0.19946151896883962, 0.22506008472994835, 0.27353731397125236, 0.3011159941335238, 0.0, 0.27470782797648935, 0.21389709245611765, 0.3381695574780509, 0.16238136568988226, 0.2244292868823674, 0.15218356113736978, 0.3614869302805826, 0.2305018716975956, 0.239362536492537, 0.20279564311878256, 0.32650896835237975, 0.29507130207735693, 0.2663681922900018, 0.3180860466859876, 0.35976352087143476, 0.3303022397160531, 0.3100470744840127, 0.2876919300182905, 0.3786570109126916, 0.35062529937278647, 0.36325495672053865, 0.22304314588928556, 0.3512752102669521, 0.37075598052025366, 0.3931283302484938, 0.3443370598659176, 0.27308967455452515, 0.2375620623111084, 0.21273661220423518, 0.37495325094663196, 0.2925610971083589, 0.41053665156095437, 0.4190872175711007, 0.3068710174879428, 0.3510451941895741, 0.29292958565777805, 0.2067652640769817, 0.07183299118462427, 0.3117779381901854, 0.3122558625694861, 0.3080599567676432, 0.31398539224659744, 0.2814546331018709]\n",
      "[0.10057417662559472, 0.14291800440020472, 0.12725233657196197, 0.15147805558943206, 0.16917900578378195, 0.15533420221008334, 0.27470782797648935, 0.0, 0.28136788869012425, 0.17600927945502673, 0.24594681858262282, 0.13645712869922752, 0.19147243296699704, 0.19484873237414047, 0.24142926740721105, 0.1590844277272292, 0.20475846606479317, 0.26144755065094183, 0.17078117417807667, 0.1923473931701925, 0.13471982434509844, 0.21149348024190331, 0.42447816168215957, 0.16679054502373586, 0.14344047755085548, 0.24393934759586952, 0.2451088073201296, 0.22733918419756996, 0.2823114446054646, 0.26442990760527224, 0.23784040367050122, 0.26945988734524684, 0.2468312978490737, 0.18283663573502662, 0.22397551866073512, 0.15429700189211198, 0.22220062249031425, 0.16662205780878667, 0.22063951636805215, 0.24524467057576144, 0.13873017528113035, 0.24489573439624596, 0.3083811110503952, 0.19927992827048516, 0.2621858590401635, 0.25783481285549625, 0.20082029657302083, 0.2296894750289244, 0.20858901905208618, 0.1598088868064994]\n",
      "[0.25849417139331526, 0.3030697887335359, 0.25556910338969163, 0.279378699267389, 0.26041316661986247, 0.24113421959967923, 0.21389709245611765, 0.28136788869012425, 0.0, 0.3686769683585414, 0.14040355954430545, 0.25884005661600806, 0.18122762569479037, 0.27141955804643964, 0.09686501747410514, 0.2953706599088426, 0.17164959770855068, 0.24761033799896795, 0.32758069923263516, 0.25947330709517497, 0.3112281440374641, 0.3655722845282808, 0.29357247764129896, 0.3377628403807485, 0.330680529117332, 0.38551905036550915, 0.3611378218996264, 0.3834947905640232, 0.24237011880728312, 0.3842245825673119, 0.3879835082000787, 0.4078051094048454, 0.374001908136178, 0.29149028301262375, 0.16855463869948736, 0.20506458228274352, 0.3412101466761457, 0.2894199768900823, 0.4053973691735918, 0.4121166080867331, 0.32838077370713037, 0.3740265776633007, 0.16170659735218976, 0.19224951426368767, 0.1937035187033427, 0.36117758835452585, 0.34129581915581075, 0.33390233401961145, 0.34777844869134705, 0.32042874478556893]\n",
      "[0.2160714512786502, 0.1777071362962, 0.18154047089551978, 0.17303640062286313, 0.19473982092884873, 0.21983473176509366, 0.3381695574780509, 0.17600927945502673, 0.3686769683585414, 0.0, 0.314730823884971, 0.18078819393400444, 0.24699574596895074, 0.288752355452134, 0.3526102974471795, 0.17948330893378617, 0.2548598181391906, 0.2940346723692185, 0.14343411601862335, 0.20414049106837343, 0.16258028766674693, 0.16022647112414404, 0.5038130653342784, 0.10165292184666624, 0.111480741705734, 0.17148771917474573, 0.16755069566578726, 0.13218290546805433, 0.3140918840786275, 0.16488059954334577, 0.13825228326216304, 0.18750385366567052, 0.14947691548364297, 0.14433534903300138, 0.28252338049687625, 0.21440223487049942, 0.21490138625696315, 0.1515975239512641, 0.16492907412646426, 0.18927112341363922, 0.11677951613707499, 0.18324859900284896, 0.4008966836389867, 0.23367237184451375, 0.3329961294813726, 0.18299990065520744, 0.13931393608777598, 0.19414802396660788, 0.12417882238015386, 0.1189207604400004]\n",
      "[0.23466282081436984, 0.25162735038309103, 0.20628565757299053, 0.22864460433810524, 0.2426015233453422, 0.22974568351750133, 0.16238136568988226, 0.24594681858262282, 0.14040355954430545, 0.314730823884971, 0.0, 0.22260467461729794, 0.13747440968094612, 0.28088954836758134, 0.15532490310712052, 0.2379383526085855, 0.12228361417171392, 0.2668097288390179, 0.251551707981728, 0.2234776778054475, 0.2705546083140337, 0.3358330315534407, 0.26560685475352475, 0.2821505836940624, 0.2746208378632517, 0.3464675234370609, 0.32759034404264903, 0.3336965678214545, 0.21348551389664466, 0.341477734605634, 0.35322900704184423, 0.36918784113740477, 0.322257405508591, 0.23685559270388115, 0.18467404958677594, 0.16371329811524268, 0.3276479403791444, 0.24184508377904093, 0.3824166546450005, 0.3912511882913283, 0.27704896568320525, 0.3436662672811788, 0.21564758820952915, 0.12367775999156702, 0.14393383798577458, 0.28954562396447353, 0.2870412757661688, 0.28960225861990774, 0.29131643839746385, 0.2607299793530047]\n",
      "[0.18129110458030484, 0.12288186500738829, 0.07974022217121528, 0.12691243221420284, 0.13822149202401068, 0.19930753955566083, 0.2244292868823674, 0.13645712869922752, 0.25884005661600806, 0.18078819393400444, 0.22260467461729794, 0.0, 0.15037309000765978, 0.2623225716344493, 0.25363660838142815, 0.11826275532246154, 0.18063974149877254, 0.22826548225387908, 0.1639434649362547, 0.14742996704117242, 0.14863807764020567, 0.18606565866606822, 0.4218361780182404, 0.1486340275278049, 0.13908196922401966, 0.21194466078534743, 0.20321646286405629, 0.20168117945399253, 0.21384226824335079, 0.21144224056836416, 0.21085995530397378, 0.2317584574984993, 0.19301704669424777, 0.13623303207548765, 0.17428234860216488, 0.10020752632879071, 0.21072820712008183, 0.1486153057709738, 0.22948499584315157, 0.23734898371166563, 0.14305151367745653, 0.19598925603960327, 0.3260559994005278, 0.17021391733156224, 0.21760539654233058, 0.21387434969032015, 0.16259021513153632, 0.19015463762712456, 0.18220035894844067, 0.12759255050309742]\n",
      "[0.20109009630981134, 0.19572457927395356, 0.1445993331299968, 0.1707994953998126, 0.1895857101959308, 0.20421167937015322, 0.15218356113736978, 0.19147243296699704, 0.18122762569479037, 0.24699574596895074, 0.13747440968094612, 0.15037309000765978, 0.0, 0.2697660141517193, 0.19268260703178663, 0.1960704946660645, 0.0968153832600102, 0.24800298014683791, 0.22098068395979759, 0.18428676925064358, 0.22251262187089946, 0.27857365416758556, 0.36323873788917205, 0.22336434575684952, 0.19634833900126883, 0.29770987026957957, 0.2631189495929395, 0.2719163551912669, 0.20870953066846826, 0.2787435491261125, 0.2830956013572219, 0.3168704703277978, 0.26138500871872283, 0.17745537190147487, 0.1713186237824787, 0.12204190855043445, 0.28197332681428816, 0.2034792916639997, 0.32164814143966564, 0.3364577342857192, 0.2149654478122244, 0.28167290079411583, 0.26009748654028014, 0.09954786492026031, 0.1510531175166777, 0.24455751217236443, 0.24494028841240206, 0.23732332479018772, 0.23947708122996036, 0.1949217692075866]\n",
      "[0.1520547555405233, 0.2866996978244918, 0.27161080370611745, 0.28238959835082184, 0.23132505764453198, 0.16084972352561125, 0.3614869302805826, 0.19484873237414047, 0.27141955804643964, 0.288752355452134, 0.28088954836758134, 0.2623225716344493, 0.2697660141517193, 0.0, 0.219073181333326, 0.2982367833313394, 0.24520023379715938, 0.23290060200786342, 0.2740280697226831, 0.2544361955675774, 0.21566062001077876, 0.2817789981929964, 0.42369520801689176, 0.2841821752568405, 0.2937160055380118, 0.31988366431954257, 0.32324073780062157, 0.31805748670978823, 0.35845438991512596, 0.3591908670750625, 0.32732308322021636, 0.3532733598599953, 0.3295981061027539, 0.27384857504998794, 0.22298600371741942, 0.23555314143306047, 0.23382957865973183, 0.235169097762185, 0.2764448934154278, 0.2998568021130626, 0.25190620391434726, 0.3512457516698135, 0.23114623561457873, 0.2534334634685272, 0.33668260102714964, 0.346844270784677, 0.3157498892971425, 0.33077729618627527, 0.3183830125294865, 0.2922835517072628]\n",
      "[0.21693640128846262, 0.28384325246954134, 0.2460179225910862, 0.26947510314362566, 0.2521912015623542, 0.2159586140101488, 0.2305018716975956, 0.24142926740721105, 0.09686501747410514, 0.3526102974471795, 0.15532490310712052, 0.25363660838142815, 0.19268260703178663, 0.219073181333326, 0.0, 0.27907298373655504, 0.17834799019041486, 0.25958043932413694, 0.3136500066129683, 0.26495653451385165, 0.2908569174003527, 0.35713480998122726, 0.29644607175217036, 0.3282286076339533, 0.3201678788284663, 0.38615150459866804, 0.3720323339447634, 0.38262736290222255, 0.2714216738790275, 0.3974900724554315, 0.3889760742529767, 0.4131952361155653, 0.3788129234691722, 0.29582175130030425, 0.1786333440343281, 0.20991975369016733, 0.3330238446721625, 0.2805489068096368, 0.3867796412233478, 0.40132126693700215, 0.3116519921290546, 0.3820998222732031, 0.12024391293809336, 0.2070603435610955, 0.20230059345056128, 0.3738152360493811, 0.34491380326806464, 0.345801256203722, 0.349271932428954, 0.3198883626080733]\n",
      "[0.2013209216811518, 0.09516776469349213, 0.10827732208578686, 0.11788120928944934, 0.18893193289933677, 0.23355529843888845, 0.239362536492537, 0.1590844277272292, 0.2953706599088426, 0.17948330893378617, 0.2379383526085855, 0.11826275532246154, 0.1960704946660645, 0.2982367833313394, 0.27907298373655504, 0.0, 0.21450402064463026, 0.2885597612312804, 0.18433427604978794, 0.20421492230032806, 0.18989515071385765, 0.233780824623664, 0.4284730165178446, 0.14523195114303136, 0.15370822191438285, 0.24081698835024842, 0.2449981493946939, 0.22355759124126126, 0.21721174003619334, 0.23954115790559907, 0.2382274897137946, 0.26118725073974314, 0.21787791960337557, 0.1701132289405742, 0.24054135494798465, 0.14750332620089496, 0.26669837100357535, 0.1857526297514673, 0.2623645905217137, 0.27009370030819035, 0.17896723376570478, 0.21900278656969727, 0.3496970065576393, 0.19875214392565133, 0.22558263750373425, 0.23215951411543928, 0.17491058391369077, 0.21547453421441182, 0.19060206782658706, 0.15170415429565812]\n",
      "[0.20303736156325516, 0.2301259542186871, 0.1821412479175989, 0.20032628900393676, 0.1988209561377132, 0.19609991198910337, 0.20279564311878256, 0.20475846606479317, 0.17164959770855068, 0.2548598181391906, 0.12228361417171392, 0.18063974149877254, 0.0968153832600102, 0.24520023379715938, 0.17834799019041486, 0.21450402064463026, 0.0, 0.2393875916202744, 0.21400668078572474, 0.1883373199895347, 0.21886741659193945, 0.2915989700255737, 0.34698241525554663, 0.23122612496923364, 0.21742740469499852, 0.2982236510245356, 0.2742689393111105, 0.26650046611583494, 0.23282420998845685, 0.301020848512637, 0.29937629601178667, 0.322589657427232, 0.27227449843990453, 0.17272250539976125, 0.16948169832726329, 0.14075287396068384, 0.27690694476385785, 0.19098516628830933, 0.32639208881971693, 0.345342477747446, 0.22270762045940085, 0.30147202104991894, 0.24054662648436306, 0.08325978164789313, 0.19052288362352085, 0.25602822029490746, 0.24812585437491988, 0.25829228512344643, 0.2428338892469429, 0.2153576902231699]\n",
      "[0.23536074536763518, 0.2713300257318463, 0.2497588185408913, 0.2444032259950938, 0.16320525086429677, 0.17483104505741504, 0.32650896835237975, 0.26144755065094183, 0.24761033799896795, 0.2940346723692185, 0.2668097288390179, 0.22826548225387908, 0.24800298014683791, 0.23290060200786342, 0.25958043932413694, 0.2885597612312804, 0.2393875916202744, 0.0, 0.26207572137950585, 0.14578655470919785, 0.1985333084935089, 0.2141743372712393, 0.43986597802969574, 0.2554607279235505, 0.2964682813453851, 0.23001404791036606, 0.23016432874541906, 0.2635345361751888, 0.2753243326729764, 0.25566966765243665, 0.27057031101337503, 0.2535234035326936, 0.2527618564957491, 0.20743925538923202, 0.1522612597799039, 0.1973138637182881, 0.16086103395433346, 0.1858480114805425, 0.25419202258219026, 0.24406505587936744, 0.24240114973517551, 0.24427501853679895, 0.2888929214550628, 0.21788956657557443, 0.30970193938864354, 0.264435316436356, 0.2646463779150749, 0.22957483203935722, 0.25376704832329017, 0.2438420420147199]\n",
      "[0.20540813235640443, 0.17663939529197256, 0.1691346587180991, 0.16146190418018638, 0.17036183018375156, 0.2025957645990974, 0.29507130207735693, 0.17078117417807667, 0.32758069923263516, 0.14343411601862335, 0.251551707981728, 0.1639434649362547, 0.22098068395979759, 0.2740280697226831, 0.3136500066129683, 0.18433427604978794, 0.21400668078572474, 0.26207572137950585, 0.0, 0.15767022908297942, 0.13914415355391496, 0.17735552043625832, 0.42961811381496323, 0.1321354614013349, 0.15374628153167394, 0.1811971707527626, 0.18523790099766252, 0.14690512758175225, 0.28857319668166687, 0.19585247527019436, 0.18836714370184285, 0.19436242838127266, 0.17844567652345805, 0.12255790705387114, 0.24967775348049934, 0.18264781009081912, 0.20373225657992414, 0.13596909175188548, 0.21993709105422757, 0.2191399662571667, 0.11486728052753044, 0.21044718864551012, 0.36536375292505807, 0.19091516734509634, 0.28896812101661545, 0.18019949854064804, 0.14906264840319058, 0.1919842071829135, 0.14491990858225276, 0.12507522405398885]\n",
      "[0.1963110219069031, 0.1809228195743476, 0.16218622920822914, 0.15799286975754742, 0.10119504370618959, 0.14226246439675305, 0.2663681922900018, 0.1923473931701925, 0.25947330709517497, 0.20414049106837343, 0.2234776778054475, 0.14742996704117242, 0.18428676925064358, 0.2544361955675774, 0.26495653451385165, 0.20421492230032806, 0.1883373199895347, 0.14578655470919785, 0.15767022908297942, 0.0, 0.13600867034357222, 0.1430251271860051, 0.41777426695645353, 0.1573232446514137, 0.19811600154810763, 0.15608255862658574, 0.14468485874737028, 0.17402099759006817, 0.23203356793729032, 0.1748082407154185, 0.1878238523805829, 0.18138709571328407, 0.15853294542538457, 0.10820595556442804, 0.15254131432377588, 0.13940679687708885, 0.1519344198478626, 0.09325379314476903, 0.20671748903069811, 0.2084319795109289, 0.14628501270122454, 0.1683209225724723, 0.3190671260684506, 0.1553736774195073, 0.2607408365275582, 0.169251897944345, 0.15937852862434385, 0.12410649722515844, 0.15209031194855693, 0.13432599036382156]\n",
      "[0.15955551665538836, 0.1752588889846284, 0.16502416164399233, 0.17247852999845542, 0.12997188938229748, 0.15066427167588733, 0.3180860466859876, 0.13471982434509844, 0.3112281440374641, 0.16258028766674693, 0.2705546083140337, 0.14863807764020567, 0.22251262187089946, 0.21566062001077876, 0.2908569174003527, 0.18989515071385765, 0.21886741659193945, 0.1985333084935089, 0.13914415355391496, 0.13600867034357222, 0.0, 0.14369841921231527, 0.46513494215859436, 0.14204358811661824, 0.1674207668352425, 0.16112811616868, 0.184062371381575, 0.158361000896078, 0.27684747822733236, 0.20470011511363148, 0.19543860032768434, 0.18288288844625608, 0.18102594310521236, 0.136612527480374, 0.21904088538255656, 0.15177448807825525, 0.12757845509717183, 0.11525992529344375, 0.16326689891109591, 0.17290293419338496, 0.10259417637158742, 0.18141936888042334, 0.3452531967563736, 0.1972789452099962, 0.3031195639094351, 0.2043469566686275, 0.17415857138041538, 0.18177280254287065, 0.17005323091845476, 0.12258478542337493]\n",
      "[0.2352595295053577, 0.20626382397502044, 0.20959591009830386, 0.2073616672245286, 0.15260812334308416, 0.19826900028866348, 0.35976352087143476, 0.21149348024190331, 0.3655722845282808, 0.16022647112414404, 0.3358330315534407, 0.18606565866606822, 0.27857365416758556, 0.2817789981929964, 0.35713480998122726, 0.233780824623664, 0.2915989700255737, 0.2141743372712393, 0.17735552043625832, 0.1430251271860051, 0.14369841921231527, 0.0, 0.5092910540505622, 0.15324274946273372, 0.1959084913526901, 0.09846799031783394, 0.1200850416552531, 0.14864840140982025, 0.3094229603739558, 0.13343549401659804, 0.12660483814675932, 0.12064430618572064, 0.12316284196160167, 0.16363694508426846, 0.2383814813728098, 0.2199435668219961, 0.12138992313392526, 0.12979968620992408, 0.09837903556156213, 0.10353632122210153, 0.128641710892586, 0.1313110117163943, 0.4007285698893394, 0.2607571889264486, 0.35674772036457997, 0.18707029488834737, 0.15224437642140154, 0.15126522103969442, 0.15341579529932606, 0.14717237153317636]\n",
      "[0.41817650557303854, 0.4293705259707338, 0.4077436399098346, 0.42580644651676874, 0.44214741715294453, 0.40240376193231525, 0.3303022397160531, 0.42447816168215957, 0.29357247764129896, 0.5038130653342784, 0.26560685475352475, 0.4218361780182404, 0.36323873788917205, 0.42369520801689176, 0.29644607175217036, 0.4284730165178446, 0.34698241525554663, 0.43986597802969574, 0.42961811381496323, 0.41777426695645353, 0.46513494215859436, 0.5092910540505622, 0.0, 0.47729690991506135, 0.4632529275767502, 0.5229796581463588, 0.5094683897942102, 0.5167840357275182, 0.40136757495632397, 0.5270427301185114, 0.533123396310465, 0.5450419022174904, 0.5135815906753154, 0.4419249641717176, 0.3638712491395193, 0.3874639901820199, 0.5036016515433176, 0.43892084034207823, 0.5504181549119826, 0.5561978151114104, 0.4702206395547719, 0.5278387082094661, 0.32506170429261927, 0.35413909889661893, 0.33122400549874476, 0.48523473286988633, 0.4628966442136439, 0.4715742430721781, 0.48055315754183936, 0.46181678558514466]\n",
      "[0.1946698776383773, 0.13910557244884417, 0.1474865516673172, 0.1292777822055807, 0.15721343283643816, 0.20073198954041513, 0.3100470744840127, 0.16679054502373586, 0.3377628403807485, 0.10165292184666624, 0.2821505836940624, 0.1486340275278049, 0.22336434575684952, 0.2841821752568405, 0.3282286076339533, 0.14523195114303136, 0.23122612496923364, 0.2554607279235505, 0.1321354614013349, 0.1573232446514137, 0.14204358811661824, 0.15324274946273372, 0.47729690991506135, 0.0, 0.11774679387393747, 0.1420539574950133, 0.14742954515732173, 0.10766194980145319, 0.27689473120081637, 0.14612279455843874, 0.12830136631189804, 0.16517747590779477, 0.12814265868929042, 0.10554954030281959, 0.25201223316451393, 0.17421460195006377, 0.19426073600962776, 0.12799890928914012, 0.17784555432125512, 0.1778873254520193, 0.1266434614804026, 0.15198070648009207, 0.385350579452297, 0.20438939778964293, 0.29930406658450803, 0.15435876842005058, 0.10788470315891573, 0.1495873949954088, 0.10460805466166063, 0.09095739802100568]\n",
      "[0.20749613637000286, 0.14627308433143796, 0.1338151711935571, 0.15243612910063645, 0.2040514233855546, 0.2184903386797622, 0.2876919300182905, 0.14344047755085548, 0.330680529117332, 0.111480741705734, 0.2746208378632517, 0.13908196922401966, 0.19634833900126883, 0.2937160055380118, 0.3201678788284663, 0.15370822191438285, 0.21742740469499852, 0.2964682813453851, 0.15374628153167394, 0.19811600154810763, 0.1674207668352425, 0.1959084913526901, 0.4632529275767502, 0.11774679387393747, 0.0, 0.2006494959388835, 0.19146543302759153, 0.16352914138464733, 0.2790691406679425, 0.19320687037580858, 0.18085539189474548, 0.21951625652874707, 0.18326623798552996, 0.13867910847979262, 0.26237383337822706, 0.17961736215331264, 0.24272414963920189, 0.16252577951814234, 0.21469315567943653, 0.23705882084484, 0.13012415987758674, 0.19777344510475142, 0.38883262912483413, 0.19657908692833656, 0.2915175784257784, 0.18869137999033214, 0.14062256297508244, 0.18565287445292683, 0.1411926180359766, 0.10046932048781936]\n",
      "[0.26691283885673117, 0.22185564834243804, 0.22984372578405401, 0.21438106731884585, 0.1832401125760718, 0.23072007944051054, 0.3786570109126916, 0.24393934759586952, 0.38551905036550915, 0.17148771917474573, 0.3464675234370609, 0.21194466078534743, 0.29770987026957957, 0.31988366431954257, 0.38615150459866804, 0.24081698835024842, 0.2982236510245356, 0.23001404791036606, 0.1811971707527626, 0.15608255862658574, 0.16112811616868, 0.09846799031783394, 0.5229796581463588, 0.1420539574950133, 0.2006494959388835, 0.0, 0.08882815409926426, 0.10728432305837313, 0.307792812992661, 0.10944986670657458, 0.10972008657111504, 0.05847748852941114, 0.10324577964137586, 0.15246598813968135, 0.2737790860275534, 0.23399604855059233, 0.14128336019047785, 0.1393889944261007, 0.1296081961620372, 0.11973620923737435, 0.1542023509677313, 0.10017209394149262, 0.43580945696245305, 0.2620292725537175, 0.3765848386025224, 0.1575819401602635, 0.1410076377144592, 0.12796228343388874, 0.12452772155092368, 0.142746200388523]\n",
      "[0.2649169908100779, 0.21992513758736562, 0.21721728298945203, 0.20626532036881506, 0.1756577279538751, 0.2253377343998204, 0.35062529937278647, 0.2451088073201296, 0.3611378218996264, 0.16755069566578726, 0.32759034404264903, 0.20321646286405629, 0.2631189495929395, 0.32324073780062157, 0.3720323339447634, 0.2449981493946939, 0.2742689393111105, 0.23016432874541906, 0.18523790099766252, 0.14468485874737028, 0.184062371381575, 0.1200850416552531, 0.5094683897942102, 0.14742954515732173, 0.19146543302759153, 0.08882815409926426, 0.0, 0.11823855560450593, 0.2879464384746537, 0.08630460266763776, 0.0830395320440966, 0.1015391411474449, 0.0935417404785636, 0.13632665211145298, 0.2600931873360328, 0.22185477234238776, 0.165552475496725, 0.1431492290217805, 0.16014428703101802, 0.15862413113992607, 0.15979387459154085, 0.1075589607030842, 0.42224798872102626, 0.23879532826833563, 0.35428258916801114, 0.14250482577465282, 0.14530319644891526, 0.11278660505792441, 0.11302826945552687, 0.13518913943965058]\n",
      "[0.2592523645718112, 0.2089448210823939, 0.21690393265498875, 0.19501475119760858, 0.19194819381095782, 0.23389360939460765, 0.36325495672053865, 0.22733918419756996, 0.3834947905640232, 0.13218290546805433, 0.3336965678214545, 0.20168117945399253, 0.2719163551912669, 0.31805748670978823, 0.38262736290222255, 0.22355759124126126, 0.26650046611583494, 0.2635345361751888, 0.14690512758175225, 0.17402099759006817, 0.158361000896078, 0.14864840140982025, 0.5167840357275182, 0.10766194980145319, 0.16352914138464733, 0.10728432305837313, 0.11823855560450593, 0.0, 0.32570070534942236, 0.13438010631854452, 0.12054883962592475, 0.11741390256554717, 0.12299609586696293, 0.11580876344915988, 0.28957817424955784, 0.23067278119844994, 0.17844871488994773, 0.1537779327061425, 0.16737323980205313, 0.16033408276883615, 0.14863613752549062, 0.14880518673523147, 0.43631841852737363, 0.24110399900661958, 0.361050223098775, 0.15989964114271363, 0.13175801296855466, 0.1596538644034087, 0.11482401446447811, 0.1243875812989617]\n",
      "[0.2896161864959799, 0.24458152854972126, 0.20504542919789412, 0.24194185104196297, 0.24070005010040743, 0.28892950288602764, 0.22304314588928556, 0.2823114446054646, 0.24237011880728312, 0.3140918840786275, 0.21348551389664466, 0.21384226824335079, 0.20870953066846826, 0.35845438991512596, 0.2714216738790275, 0.21721174003619334, 0.23282420998845685, 0.2753243326729764, 0.28857319668166687, 0.23203356793729032, 0.27684747822733236, 0.3094229603739558, 0.40136757495632397, 0.27689473120081637, 0.2790691406679425, 0.307792812992661, 0.2879464384746537, 0.32570070534942236, 0.0, 0.28910125715296353, 0.3166068584258754, 0.31904332925876744, 0.28001037464122824, 0.249597572471454, 0.23237748938898845, 0.1760353569251468, 0.3158375889520063, 0.25391183276867907, 0.3578256608853564, 0.357980158550708, 0.28111458449990634, 0.26664792848672864, 0.3375694902152974, 0.21263052525650697, 0.2142147397790013, 0.2712058875560876, 0.2766871640193613, 0.2509157045619295, 0.27490367510824326, 0.24676231666294526]\n",
      "[0.2896503210958491, 0.22007937007609982, 0.21798271728556506, 0.2051406751330981, 0.1971545945876389, 0.25995607791797687, 0.3512752102669521, 0.26442990760527224, 0.3842245825673119, 0.16488059954334577, 0.341477734605634, 0.21144224056836416, 0.2787435491261125, 0.3591908670750625, 0.3974900724554315, 0.23954115790559907, 0.301020848512637, 0.25566966765243665, 0.19585247527019436, 0.1748082407154185, 0.20470011511363148, 0.13343549401659804, 0.5270427301185114, 0.14612279455843874, 0.19320687037580858, 0.10944986670657458, 0.08630460266763776, 0.13438010631854452, 0.28910125715296353, 0.0, 0.10141299364382256, 0.10148437513382785, 0.0984125474538683, 0.1522696282608252, 0.28507906753516166, 0.2354726372385355, 0.1990630629247015, 0.17396143436436826, 0.18491095796328189, 0.16211518417223025, 0.1798969352856037, 0.09565969891365707, 0.4468559143786575, 0.2592830518028023, 0.3547150684365908, 0.129649135927975, 0.1431440316528454, 0.1280460869773904, 0.11692479261279957, 0.1361346206412976]\n",
      "[0.2589631252663395, 0.21778662160695278, 0.2223052968503895, 0.2029336896891346, 0.18636691448089684, 0.24502565593882392, 0.37075598052025366, 0.23784040367050122, 0.3879835082000787, 0.13825228326216304, 0.35322900704184423, 0.21085995530397378, 0.2830956013572219, 0.32732308322021636, 0.3889760742529767, 0.2382274897137946, 0.29937629601178667, 0.27057031101337503, 0.18836714370184285, 0.1878238523805829, 0.19543860032768434, 0.12660483814675932, 0.533123396310465, 0.12830136631189804, 0.18085539189474548, 0.10972008657111504, 0.0830395320440966, 0.12054883962592475, 0.3166068584258754, 0.10141299364382256, 0.0, 0.1186794935832672, 0.10728294993728571, 0.16641779657261485, 0.28914599487061055, 0.23911299756609708, 0.18023222575913944, 0.16986384492329218, 0.14423859224593605, 0.13777086047037476, 0.15753783697392446, 0.11951658880051254, 0.4348681952789708, 0.26819166348677925, 0.3700141715296082, 0.16398722265691215, 0.14740594328163795, 0.14603047438211292, 0.12891470768295574, 0.14603666134255913]\n",
